0.000000000000000000e+00 1.889454299648103252e-04
2.003999999999999879e-02 1.889454299648103252e-04
4.007999999999999757e-02 1.889454299648103252e-04
6.011999999999999983e-02 1.889454299648103252e-04
8.015999999999999515e-02 1.889454299648103252e-04
1.001999999999999974e-01 1.889454299648103252e-04
1.202399999999999997e-01 1.889454299648103252e-04
1.402809999999999890e-01 1.889454299648103252e-04
1.603209999999999913e-01 1.889454299648103252e-04
1.803609999999999935e-01 1.889454299648103252e-04
2.004009999999999958e-01 1.889454299648103252e-04
2.204409999999999981e-01 1.889454299648103252e-04
2.404810000000000003e-01 1.889454299648103252e-04
2.605210000000000026e-01 1.889454299648103252e-04
2.805610000000000048e-01 1.889454299648103252e-04
3.006010000000000071e-01 1.889454299648103252e-04
3.206410000000000093e-01 1.889454299648103252e-04
3.406810000000000116e-01 1.889454299648103252e-04
3.607210000000000139e-01 1.889454299648103252e-04
3.807619999999999894e-01 1.889454299648103252e-04
4.008019999999999916e-01 1.889454299648103252e-04
4.208419999999999939e-01 1.889454299648103252e-04
4.408819999999999961e-01 1.889454299648103252e-04
4.609219999999999984e-01 1.889454299648103252e-04
4.809620000000000006e-01 1.889454299648103252e-04
5.010019999999999474e-01 1.889454299648103252e-04
5.210420000000000051e-01 1.889454299648103252e-04
5.410819999999999519e-01 1.889454299648103252e-04
5.611220000000000097e-01 1.889454299648103252e-04
5.811619999999999564e-01 1.889454299648103252e-04
6.012020000000000142e-01 1.889454299648103252e-04
6.212419999999999609e-01 1.889454299648103252e-04
6.412830000000000474e-01 1.889454299648103252e-04
6.613229999999999942e-01 1.889454299648103252e-04
6.813630000000000519e-01 1.889454299648103252e-04
7.014029999999999987e-01 1.889454299648103252e-04
7.214429999999999454e-01 1.889454299648103252e-04
7.414830000000000032e-01 1.889454299648103252e-04
7.615229999999999499e-01 1.889454299648103252e-04
7.815630000000000077e-01 1.889454299648103252e-04
8.016029999999999545e-01 1.889454299648103252e-04
8.216430000000000122e-01 1.889454299648103252e-04
8.416829999999999590e-01 1.889454299648103252e-04
8.617230000000000167e-01 1.889454299648103252e-04
8.817639999999999922e-01 1.889454299648103252e-04
9.018040000000000500e-01 1.889454299648103252e-04
9.218439999999999968e-01 1.889454299648103252e-04
9.418840000000000545e-01 3.584092431720951599e-01
9.619240000000000013e-01 3.292258276394762206e-01
9.819639999999999480e-01 3.026962972279936825e-01
1.002003999999999895e+00 2.785694835093442956e-01
1.022043999999999953e+00 2.566230095572352710e-01
1.042084000000000010e+00 2.366534040177475096e-01
1.062124000000000068e+00 2.184774038029517473e-01
1.082163999999999904e+00 2.019282241282440715e-01
1.102203999999999962e+00 1.868551242784854960e-01
1.122244000000000019e+00 1.731211533866529595e-01
1.142284999999999995e+00 1.606024122616967476e-01
1.162325000000000053e+00 1.491864530666163202e-01
1.182365000000000110e+00 1.387715269038584109e-01
1.202404999999999946e+00 1.292653621354895310e-01
1.222445000000000004e+00 1.205844764695098298e-01
1.242485000000000062e+00 1.126532101005803255e-01
1.262524999999999897e+00 1.054031232282144903e-01
1.282564999999999955e+00 9.877221664448239402e-02
1.302605000000000013e+00 9.270441606910706511e-02
1.322645000000000071e+00 8.714893795878921046e-02
1.342684999999999906e+00 8.205985469410642663e-02
1.362724999999999964e+00 7.739557620282608297e-02
1.382765999999999940e+00 7.311848732599231238e-02
1.402805999999999997e+00 6.919452321433366970e-02
1.422846000000000055e+00 6.559286951397813592e-02
1.442885999999999891e+00 6.228561422641631234e-02
1.462925999999999949e+00 5.924750162158003847e-02
1.482966000000000006e+00 5.645564659289110943e-02
1.503006000000000064e+00 5.388933392824869079e-02
1.523045999999999900e+00 5.152978372346669195e-02
1.543085999999999958e+00 4.935998856067447260e-02
1.563126000000000015e+00 4.736452055034430508e-02
1.583166000000000073e+00 4.552939993885736503e-02
1.603205999999999909e+00 4.384193597823977939e-02
1.623245999999999967e+00 4.229062143224109060e-02
1.643286999999999942e+00 4.086500080469819551e-02
1.663327000000000000e+00 3.955558609922676938e-02
1.683367000000000058e+00 3.835374701773362066e-02
1.703406999999999893e+00 3.725164414624921455e-02
1.723446999999999951e+00 3.624213658410496697e-02
1.743487000000000009e+00 3.531872950545722478e-02
1.763527000000000067e+00 3.447549527535707231e-02
1.783566999999999902e+00 3.370703317319866804e-02
1.803606999999999960e+00 3.300840024526422584e-02
1.823647000000000018e+00 3.237508224361244219e-02
1.843687000000000076e+00 3.180292947189614777e-02
1.863726999999999911e+00 3.128814183459262266e-02
1.883768000000000109e+00 3.082719569497392731e-02
1.903807999999999945e+00 3.041695783047919377e-02
1.923848000000000003e+00 3.005487736935906484e-02
1.943888000000000060e+00 2.973864368389924837e-02
1.963927999999999896e+00 2.946610045863711641e-02
1.983967999999999954e+00 2.923524843912814197e-02
2.004007999999999790e+00 2.904422695736790308e-02
2.024048000000000069e+00 2.889130974615202949e-02
2.044087999999999905e+00 2.877488869308039016e-02
2.064128000000000185e+00 2.869346931681925061e-02
2.084168000000000021e+00 2.864565545463890195e-02
2.104207999999999856e+00 2.863014530174620362e-02
2.124248000000000136e+00 2.864571696056469191e-02
2.144289000000000112e+00 2.869122528591234317e-02
2.164328999999999947e+00 2.876558831168439523e-02
2.184368999999999783e+00 2.886778498258683531e-02
2.204409000000000063e+00 2.899684245927734022e-02
2.224448999999999899e+00 2.915183476831458703e-02
2.244489000000000178e+00 2.933187097370965404e-02
2.264529000000000014e+00 2.953609476565624906e-02
2.284568999999999850e+00 2.976367348344681127e-02
2.304609000000000130e+00 3.001379866663209106e-02
2.324648999999999965e+00 3.028567591716009935e-02
2.344688999999999801e+00 3.057852644337992823e-02
2.364729000000000081e+00 3.089157775311083751e-02
2.384770000000000056e+00 3.122406622562702572e-02
2.404809999999999892e+00 3.157522862821582343e-02
2.424850000000000172e+00 3.194430575046625781e-02
2.444890000000000008e+00 3.233053473198957417e-02
2.464929999999999843e+00 3.273315378486928856e-02
2.484970000000000123e+00 3.315139530792616390e-02
2.505009999999999959e+00 3.358449170604598660e-02
2.525049999999999795e+00 3.403166924604762722e-02
2.545090000000000074e+00 3.449215495573636908e-02
2.565129999999999910e+00 3.496517114844602259e-02
2.585170000000000190e+00 3.544994335102003707e-02
2.605210000000000026e+00 3.594569538978572426e-02
2.625251000000000001e+00 3.645165825708329005e-02
2.645290999999999837e+00 3.696706561303458177e-02
2.665331000000000117e+00 3.749116345746408147e-02
2.685370999999999952e+00 3.802320586232036531e-02
2.705410999999999788e+00 3.856246527324975332e-02
2.725451000000000068e+00 3.910822825049874857e-02
2.745490999999999904e+00 3.965980618587165024e-02
2.765531000000000184e+00 4.021653079926348906e-02
2.785571000000000019e+00 4.077776502629026911e-02
2.805610999999999855e+00 4.134289799715980956e-02
2.825651000000000135e+00 4.191135583185524177e-02
2.845690999999999971e+00 4.248259582143749241e-02
2.865730999999999806e+00 4.305611687089870576e-02
2.885771999999999782e+00 4.363145271781596751e-02
2.905812000000000062e+00 4.420818214729838047e-02
2.925851999999999897e+00 4.478592154409793274e-02
2.945892000000000177e+00 4.536433504589296867e-02
2.965932000000000013e+00 4.594312642355313780e-02
2.985971999999999849e+00 4.652204913762911925e-02
3.006012000000000128e+00 4.710089751997875024e-02
3.026051999999999964e+00 4.767951671612740555e-02
3.046091999999999800e+00 4.825779316156594834e-02
3.066132000000000080e+00 4.883566441047391959e-02
3.086171999999999915e+00 4.941310891854660409e-02
3.106212000000000195e+00 4.999015577476566274e-02
3.126253000000000171e+00 5.056687381870809961e-02
3.146293000000000006e+00 5.114338130571424029e-02
3.166332999999999842e+00 5.171983439890705941e-02
3.186373000000000122e+00 5.229643680787181975e-02
3.206412999999999958e+00 5.287342770466563896e-02
3.226452999999999793e+00 5.345109138457682790e-02
3.246493000000000073e+00 5.402974466193131292e-02
3.266532999999999909e+00 5.460974660604184933e-02
3.286573000000000189e+00 5.519148547466404264e-02
3.306613000000000024e+00 5.577538857939835087e-02
3.326652999999999860e+00 5.636190881340465836e-02
3.346693000000000140e+00 5.695153469893129983e-02
3.366732999999999976e+00 5.754477656182448164e-02
3.386773999999999951e+00 5.814217681002440546e-02
3.406813999999999787e+00 5.874429580109611498e-02
3.426854000000000067e+00 5.935172239501950581e-02
3.446893999999999902e+00 5.996505955304611002e-02
3.466934000000000182e+00 6.058493520151403411e-02
3.486974000000000018e+00 6.121198759142489065e-02
3.507013999999999854e+00 6.184687650290722483e-02
3.527054000000000133e+00 6.249026838557017460e-02
3.547093999999999969e+00 6.314284792614356656e-02
3.567133999999999805e+00 6.380530298043333992e-02
3.587174000000000085e+00 6.447833651998541304e-02
3.607213999999999920e+00 6.516265135774974848e-02
3.627254999999999896e+00 6.585896248371278516e-02
3.647295000000000176e+00 6.656798157847353126e-02
3.667335000000000012e+00 6.729042974290565249e-02
3.687374999999999847e+00 6.802702178700772984e-02
3.707415000000000127e+00 6.877847935490596920e-02
3.727454999999999963e+00 6.954551497069182131e-02
3.747494999999999798e+00 7.032884555755057610e-02
3.767535000000000078e+00 7.112917621785150302e-02
3.787574999999999914e+00 7.194721414388344227e-02
3.807615000000000194e+00 7.278365210625661885e-02
3.827655000000000030e+00 7.363918275350722631e-02
3.847694999999999865e+00 7.451448178075904816e-02
3.867735000000000145e+00 7.541022261635001167e-02
3.887776000000000121e+00 7.632705924153579402e-02
3.907815999999999956e+00 7.726564126428897561e-02
3.927855999999999792e+00 7.822659636025407204e-02
3.947896000000000072e+00 7.921054573780093866e-02
3.967935999999999908e+00 8.021808616864971320e-02
3.987976000000000187e+00 8.124980585802096811e-02
4.008015999999999579e+00 8.230626601948720644e-02
4.028056000000000303e+00 8.338801721301219994e-02
4.048096000000000139e+00 8.449558025463786703e-02
4.068135999999999974e+00 8.562946505427204702e-02
4.088175999999999810e+00 8.679016136906708700e-02
4.108215999999999646e+00 8.797814844937434930e-02
4.128256999999999621e+00 8.919387070354779790e-02
4.148297000000000345e+00 9.043775636788663197e-02
4.168337000000000181e+00 9.171019665237058194e-02
4.188377000000000017e+00 9.301156441563182553e-02
4.208416999999999852e+00 9.434219301618067266e-02
4.228456999999999688e+00 9.570239541800952543e-02
4.248497000000000412e+00 9.709244258700987229e-02
4.268537000000000248e+00 9.851258314723917997e-02
4.288577000000000083e+00 9.996302127510593716e-02
4.308616999999999919e+00 1.014439369826454079e-01
4.328656999999999755e+00 1.029554634896910487e-01
4.348696999999999591e+00 1.044977082009580366e-01
4.368737000000000315e+00 1.060707295469123512e-01
4.388778000000000290e+00 1.076745587199247761e-01
4.408818000000000126e+00 1.093091759791939982e-01
4.428857999999999961e+00 1.109745332119552730e-01
4.448897999999999797e+00 1.126705296993463917e-01
4.468937999999999633e+00 1.143970355699415187e-01
4.488978000000000357e+00 1.161538670225744363e-01
4.509018000000000193e+00 1.179408107407080436e-01
4.529058000000000028e+00 1.197575985649722285e-01
4.549097999999999864e+00 1.216039329381566891e-01
4.569137999999999700e+00 1.234794610141356358e-01
4.589178000000000424e+00 1.253838012048983375e-01
4.609218000000000259e+00 1.273165167030339828e-01
4.629259000000000235e+00 1.292771432051260661e-01
4.649299000000000071e+00 1.312651618105915297e-01
4.669338999999999906e+00 1.332800280019310613e-01
4.689378999999999742e+00 1.353211438610106843e-01
4.709418999999999578e+00 1.373878883995862110e-01
4.729459000000000302e+00 1.394795890003256711e-01
4.749499000000000137e+00 1.415955532179593579e-01
4.769538999999999973e+00 1.437350392961385115e-01
4.789578999999999809e+00 1.458972896164580368e-01
4.809618999999999645e+00 1.480815000398480186e-01
4.829659000000000368e+00 1.502868553056927736e-01
4.849699000000000204e+00 1.525124967359507422e-01
4.869739000000000040e+00 1.547575601865469053e-01
4.889780000000000015e+00 1.570211411427442916e-01
4.909819999999999851e+00 1.593023366653860406e-01
4.929859999999999687e+00 1.616002053432308849e-01
4.949900000000000411e+00 1.639138177915555883e-01
4.969940000000000246e+00 1.662422016562562777e-01
4.989980000000000082e+00 1.685844269762907244e-01
5.010019999999999918e+00 1.730721675412728311e-01
5.030059999999999754e+00 1.754380333878531872e-01
5.050099999999999589e+00 1.778136471245412575e-01
5.070140000000000313e+00 1.801980268049915290e-01
5.090180000000000149e+00 1.825901432618417253e-01
5.110219999999999985e+00 1.849890116957190744e-01
5.130260999999999960e+00 1.873936303463109021e-01
5.150300999999999796e+00 1.898030380773154391e-01
5.170340999999999632e+00 1.922162668328060986e-01
5.190381000000000355e+00 1.946323920112159878e-01
5.210421000000000191e+00 1.970504885265164097e-01
5.230461000000000027e+00 1.994696787307901065e-01
5.250500999999999863e+00 2.018890893656584418e-01
5.270540999999999698e+00 2.043078985454293561e-01
5.290581000000000422e+00 2.067252925243069916e-01
5.310621000000000258e+00 2.091405123526651200e-01
5.330661000000000094e+00 2.115528099305728493e-01
5.350700999999999929e+00 2.139614946197720413e-01
5.370740999999999765e+00 2.163658882840565345e-01
5.390781999999999741e+00 2.187653719982009803e-01
5.410821999999999576e+00 2.211593398911919917e-01
5.430862000000000300e+00 2.235472460278770668e-01
5.450902000000000136e+00 2.259285569377658953e-01
5.470941999999999972e+00 2.283027987146749871e-01
5.490981999999999807e+00 2.306695081573065798e-01
5.511021999999999643e+00 2.330282801193765962e-01
5.531062000000000367e+00 2.353787172194367616e-01
5.551102000000000203e+00 2.377204774708375767e-01
5.571142000000000039e+00 2.400532225424424071e-01
5.591181999999999874e+00 2.423766657002512925e-01
5.611221999999999710e+00 2.446905186201678850e-01
5.631262999999999685e+00 2.469945396789921810e-01
5.651303000000000409e+00 2.492884793366236806e-01
5.671343000000000245e+00 2.515721288222340646e-01
5.691383000000000081e+00 2.538452641166625279e-01
5.711422999999999917e+00 2.561076950897318572e-01
5.731462999999999752e+00 2.583592081238501592e-01
5.751502999999999588e+00 2.605996157711777950e-01
5.771543000000000312e+00 2.628286980656854843e-01
5.791583000000000148e+00 2.650462527860827366e-01
5.811622999999999983e+00 2.672520355025537753e-01
5.831662999999999819e+00 2.694458105590462615e-01
5.851702999999999655e+00 2.716272898821606718e-01
5.871743000000000379e+00 2.737961848547376675e-01
5.891784000000000354e+00 2.759521438373567781e-01
5.911824000000000190e+00 2.780948052862561304e-01
5.931864000000000026e+00 2.802237335594267020e-01
5.951903999999999861e+00 2.823384747541342610e-01
5.971943999999999697e+00 2.844384772550884732e-01
5.991984000000000421e+00 2.865231155859925272e-01
6.012024000000000257e+00 2.885916602857666047e-01
6.032064000000000092e+00 2.906433399367318038e-01
6.052103999999999928e+00 2.926772759666013690e-01
6.072143999999999764e+00 2.946925386283946180e-01
6.092183999999999600e+00 2.966880821799418588e-01
6.112224000000000323e+00 2.986628020216727242e-01
6.132265000000000299e+00 3.006154697548309995e-01
6.152305000000000135e+00 3.025447918130593217e-01
6.172344999999999970e+00 3.044493445085638683e-01
6.192384999999999806e+00 3.063276343363917631e-01
6.212424999999999642e+00 3.081780331850363930e-01
6.232465000000000366e+00 3.099988404724971502e-01
6.252505000000000202e+00 3.117882187146328032e-01
6.272545000000000037e+00 3.135442576474504195e-01
6.292584999999999873e+00 3.152649103510015705e-01
6.312624999999999709e+00 3.169480595063376982e-01
6.332665000000000433e+00 3.185914542703077168e-01
6.352705000000000268e+00 3.201927788039398703e-01
6.372745000000000104e+00 3.217495900841873535e-01
6.392786000000000080e+00 3.232593888213327604e-01
6.412825999999999915e+00 3.247195583765712934e-01
6.432865999999999751e+00 3.261274381575277048e-01
6.452905999999999587e+00 3.274802637844639874e-01
6.472946000000000311e+00 3.287752430143591753e-01
6.492986000000000146e+00 3.300094972620112310e-01
6.513025999999999982e+00 3.311801400535380746e-01
6.533065999999999818e+00 3.322842199615136938e-01
6.553105999999999653e+00 3.333188015277383509e-01
6.573146000000000377e+00 3.342809096139520708e-01
6.593186000000000213e+00 3.351676126618412521e-01
6.613226000000000049e+00 3.359759683933923879e-01
6.633267000000000024e+00 3.367031091951009358e-01
6.653306999999999860e+00 3.373461890263536600e-01
6.673346999999999696e+00 3.379024706269290190e-01
6.693387000000000420e+00 3.383692734108288414e-01
6.713427000000000255e+00 3.387440621048454781e-01
6.733467000000000091e+00 3.390243953228833096e-01
6.753506999999999927e+00 3.392080151530381116e-01
6.773546999999999763e+00 3.392927960283084188e-01
6.793586999999999598e+00 3.392768346959262882e-01
6.813627000000000322e+00 3.391583989298279644e-01
6.833667000000000158e+00 3.389360172447574704e-01
6.853706999999999994e+00 3.386084269401245517e-01
6.873746999999999829e+00 3.381746628688352407e-01
6.893787999999999805e+00 3.376340042671033825e-01
6.913827999999999641e+00 3.369860618602363855e-01
6.933868000000000364e+00 3.362307229239173134e-01
6.953908000000000200e+00 3.353682360100243565e-01
6.973948000000000036e+00 3.343991537019416760e-01
6.993987999999999872e+00 3.333244142747175953e-01
7.014027999999999707e+00 3.321452816628923110e-01
7.034068000000000431e+00 3.308634234464535862e-01
7.054108000000000267e+00 3.294808476417397936e-01
7.074148000000000103e+00 3.279999765125327094e-01
7.094187999999999938e+00 3.264235799157251261e-01
7.114227999999999774e+00 3.247548445766079706e-01
7.134268999999999750e+00 3.229973038698197851e-01
7.154308999999999585e+00 3.211549023645894341e-01
7.174349000000000309e+00 3.192319220909355382e-01
7.194389000000000145e+00 3.172330423432171975e-01
7.214428999999999981e+00 3.151632624735407617e-01
7.234468999999999816e+00 3.130279561412681044e-01
7.254508999999999652e+00 3.108327893633602290e-01
7.274549000000000376e+00 3.085837686115952549e-01
7.294589000000000212e+00 3.062871549505949420e-01
7.314629000000000048e+00 3.039495072534517117e-01
7.334668999999999883e+00 3.015775939328911304e-01
7.354708999999999719e+00 2.991784327510082497e-01
7.374749000000000443e+00 2.967592017569707363e-01
7.394790000000000418e+00 2.943272772375312152e-01
7.414830000000000254e+00 2.918901454769362025e-01
7.434870000000000090e+00 2.894554403673885168e-01
7.454909999999999926e+00 2.870308575157382580e-01
7.474949999999999761e+00 2.846241929229139656e-01
7.494989999999999597e+00 2.822432607952994332e-01
7.515030000000000321e+00 2.798959345287204137e-01
7.535070000000000157e+00 2.775900693612761705e-01
7.555109999999999992e+00 2.753335466825707067e-01
7.575149999999999828e+00 2.731342024111566569e-01
7.595189999999999664e+00 2.709998754149983147e-01
7.615230000000000388e+00 2.689383422315831940e-01
7.635271000000000363e+00 2.669573701511689379e-01
7.655311000000000199e+00 2.650646586391043336e-01
7.675351000000000035e+00 2.632678974155603369e-01
7.695390999999999870e+00 2.615747147017500329e-01
7.715430999999999706e+00 2.599927404406200404e-01
7.735471000000000430e+00 2.585295612801312148e-01
7.755511000000000266e+00 2.571927889250920085e-01
7.775551000000000101e+00 2.559900215943086699e-01
7.795590999999999937e+00 2.549289173750949322e-01
7.815630999999999773e+00 2.540171617430226347e-01
7.835670999999999609e+00 2.532625457014341941e-01
7.855711000000000332e+00 2.526729388223288852e-01
7.875752000000000308e+00 2.522563718787375064e-01
7.895792000000000144e+00 2.520210147357012653e-01
7.915831999999999979e+00 2.519752630965859663e-01
7.935871999999999815e+00 2.521277204213505096e-01
7.955911999999999651e+00 2.524872882566949750e-01
7.975952000000000375e+00 2.530631511688171686e-01
7.995992000000000210e+00 2.538648697900388052e-01
8.016031999999999158e+00 2.549023675841824432e-01
8.036072000000000770e+00 2.561860248257360473e-01
8.056112000000000606e+00 2.577266664538549468e-01
8.076152000000000442e+00 2.595356516568649297e-01
8.096192000000000277e+00 2.616248687497746972e-01
8.116232000000000113e+00 2.640067844476061132e-01
8.136272999999999200e+00 2.666947955048174501e-01
8.156313000000000812e+00 2.697051125731555477e-01
8.176353000000000648e+00 2.730555746681814777e-01
8.196393000000000484e+00 2.767650711981620715e-01
8.216433000000000320e+00 2.808537806667081860e-01
8.236473000000000155e+00 2.853432721565991037e-01
8.256512999999999991e+00 2.902566708474552115e-01
8.276552999999999827e+00 2.956188139936554715e-01
8.296592999999999662e+00 3.014564110235776750e-01
8.316632999999999498e+00 3.077982315445256800e-01
8.336672999999999334e+00 3.146752760487059875e-01
8.356712999999999170e+00 3.221209921529061271e-01
8.376754000000000033e+00 3.301714640655818434e-01
8.396793999999999869e+00 3.388656575194163856e-01
8.416833999999999705e+00 3.482456339607994389e-01
8.436873999999999540e+00 3.583568258787787064e-01
8.456913999999999376e+00 3.692482807877333628e-01
8.476953999999999212e+00 3.809729687577517732e-01
8.496994000000000824e+00 3.935880606913994550e-01
8.517034000000000660e+00 4.071552692174243426e-01
8.537074000000000495e+00 4.217411651919381055e-01
8.557114000000000331e+00 4.374175517466377117e-01
8.577154000000000167e+00 4.542618222471532241e-01
8.597194000000000003e+00 4.723573650461411755e-01
8.617233999999999838e+00 4.917939652883275836e-01
8.637275000000000702e+00 5.126682345564651522e-01
8.657315000000000538e+00 5.350840580382287826e-01
8.677355000000000373e+00 5.591530384007906695e-01
8.697395000000000209e+00 5.849949892838849363e-01
8.717435000000000045e+00 6.127383758573573536e-01
8.737474999999999881e+00 6.425208562029394166e-01
8.757514999999999716e+00 6.744896912376239229e-01
8.777554999999999552e+00 7.088023390714998095e-01
8.797594999999999388e+00 7.456267927432580489e-01
8.817634999999999224e+00 7.851422428780943097e-01
8.837675000000000836e+00 8.275392796091670666e-01
8.857715000000000671e+00 8.730206641481371710e-01
8.877755999999999759e+00 9.218012929931170829e-01
8.897795999999999594e+00 9.741091792162919205e-01
8.917835999999999430e+00 1.030184998678590924e+00
8.937875999999999266e+00 1.090283530842376614e+00
8.957916000000000878e+00 1.154672407852569194e+00
8.977956000000000714e+00 1.223634682791397310e+00
8.997996000000000549e+00 1.297465741119715466e+00
9.018036000000000385e+00 1.376479201555250054e+00
9.038076000000000221e+00 1.460997582585082055e+00
9.058116000000000057e+00 1.551374597232599406e+00
9.078155999999999892e+00 2.321733743895718332e-03
9.098195999999999728e+00 2.321733743895718332e-03
9.118235999999999564e+00 2.321733743895718332e-03
9.138277000000000427e+00 2.321733743895718332e-03
9.158317000000000263e+00 2.321733743895718332e-03
9.178357000000000099e+00 2.321733743895718332e-03
9.198396999999999935e+00 2.321733743895718332e-03
9.218436999999999770e+00 2.321733743895718332e-03
9.238476999999999606e+00 2.321733743895718332e-03
9.258516999999999442e+00 2.321733743895718332e-03
9.278556999999999277e+00 2.321733743895718332e-03
9.298596999999999113e+00 2.321733743895718332e-03
9.318637000000000725e+00 2.321733743895718332e-03
9.338677000000000561e+00 2.321733743895718332e-03
9.358717000000000397e+00 2.321733743895718332e-03
9.378757999999999484e+00 2.321733743895718332e-03
9.398797999999999320e+00 2.321733743895718332e-03
9.418837999999999155e+00 2.321733743895718332e-03
9.438878000000000767e+00 2.321733743895718332e-03
9.458918000000000603e+00 2.321733743895718332e-03
9.478958000000000439e+00 2.321733743895718332e-03
9.498998000000000275e+00 2.321733743895718332e-03
9.519038000000000110e+00 2.321733743895718332e-03
9.539077999999999946e+00 2.321733743895718332e-03
9.559117999999999782e+00 2.321733743895718332e-03
9.579157999999999618e+00 2.321733743895718332e-03
9.599197999999999453e+00 2.321733743895718332e-03
9.619237999999999289e+00 2.321733743895718332e-03
9.639279000000000153e+00 2.321733743895718332e-03
9.659318999999999988e+00 2.321733743895718332e-03
9.679358999999999824e+00 2.321733743895718332e-03
9.699398999999999660e+00 2.321733743895718332e-03
9.719438999999999496e+00 2.321733743895718332e-03
9.739478999999999331e+00 2.321733743895718332e-03
9.759518999999999167e+00 2.321733743895718332e-03
9.779559000000000779e+00 2.321733743895718332e-03
9.799599000000000615e+00 2.321733743895718332e-03
9.819639000000000451e+00 2.321733743895718332e-03
9.839679000000000286e+00 2.321733743895718332e-03
9.859719000000000122e+00 2.321733743895718332e-03
9.879759999999999209e+00 2.321733743895718332e-03
9.899800000000000821e+00 2.321733743895718332e-03
9.919840000000000657e+00 2.321733743895718332e-03
9.939880000000000493e+00 2.321733743895718332e-03
9.959920000000000329e+00 2.321733743895718332e-03
9.979960000000000164e+00 2.321733743895718332e-03
1.000000000000000000e+01 2.321733743895718332e-03
