0.000000000000000000e+00 7.425382275667930443e-04
2.003999999999999879e-02 7.425382275667930443e-04
4.007999999999999757e-02 7.425382275667930443e-04
6.011999999999999983e-02 7.425382275667930443e-04
8.015999999999999515e-02 7.425382275667930443e-04
1.001999999999999974e-01 7.425382275667930443e-04
1.202399999999999997e-01 7.425382275667930443e-04
1.402809999999999890e-01 7.425382275667930443e-04
1.603209999999999913e-01 7.425382275667930443e-04
1.803609999999999935e-01 7.425382275667930443e-04
2.004009999999999958e-01 7.425382275667930443e-04
2.204409999999999981e-01 7.425382275667930443e-04
2.404810000000000003e-01 7.425382275667930443e-04
2.605210000000000026e-01 7.425382275667930443e-04
2.805610000000000048e-01 7.425382275667930443e-04
3.006010000000000071e-01 7.425382275667930443e-04
3.206410000000000093e-01 7.425382275667930443e-04
3.406810000000000116e-01 7.425382275667930443e-04
3.607210000000000139e-01 7.425382275667930443e-04
3.807619999999999894e-01 7.425382275667930443e-04
4.008019999999999916e-01 7.425382275667930443e-04
4.208419999999999939e-01 7.425382275667930443e-04
4.408819999999999961e-01 7.425382275667930443e-04
4.609219999999999984e-01 7.425382275667930443e-04
4.809620000000000006e-01 7.425382275667930443e-04
5.010019999999999474e-01 7.425382275667930443e-04
5.210420000000000051e-01 7.425382275667930443e-04
5.410819999999999519e-01 7.425382275667930443e-04
5.611220000000000097e-01 7.425382275667930443e-04
5.811619999999999564e-01 7.425382275667930443e-04
6.012020000000000142e-01 7.425382275667930443e-04
6.212419999999999609e-01 7.425382275667930443e-04
6.412830000000000474e-01 7.425382275667930443e-04
6.613229999999999942e-01 7.425382275667930443e-04
6.813630000000000519e-01 7.425382275667930443e-04
7.014029999999999987e-01 7.425382275667930443e-04
7.214429999999999454e-01 7.425382275667930443e-04
7.414830000000000032e-01 7.425382275667930443e-04
7.615229999999999499e-01 7.425382275667930443e-04
7.815630000000000077e-01 7.425382275667930443e-04
8.016029999999999545e-01 7.425382275667930443e-04
8.216430000000000122e-01 7.425382275667930443e-04
8.416829999999999590e-01 7.425382275667930443e-04
8.617230000000000167e-01 7.425382275667930443e-04
8.817639999999999922e-01 7.425382275667930443e-04
9.018040000000000500e-01 7.425382275667930443e-04
9.218439999999999968e-01 7.425382275667930443e-04
9.418840000000000545e-01 9.682464189732496729e-02
9.619240000000000013e-01 9.014536050781850329e-02
9.819639999999999480e-01 8.455649575560811315e-02
1.002003999999999895e+00 7.985689806950187208e-02
1.022043999999999953e+00 7.590995609530304389e-02
1.042084000000000010e+00 7.259711228464170440e-02
1.062124000000000068e+00 6.982856332110000397e-02
1.082163999999999904e+00 6.752852804881383231e-02
1.102203999999999962e+00 6.563771507183807641e-02
1.122244000000000019e+00 6.410621847351839764e-02
1.142284999999999995e+00 6.289433748397242618e-02
1.162325000000000053e+00 6.196858841219801683e-02
1.182365000000000110e+00 6.130207925481404030e-02
1.202404999999999946e+00 6.087207191886205571e-02
1.222445000000000004e+00 6.066020969847815691e-02
1.242485000000000062e+00 6.065093407413028187e-02
1.262524999999999897e+00 6.083164924636110665e-02
1.282564999999999955e+00 6.119164059648229265e-02
1.302605000000000013e+00 6.172220170863396832e-02
1.322645000000000071e+00 6.241585959557755664e-02
1.342684999999999906e+00 6.326647244123494163e-02
1.362724999999999964e+00 6.426864708791121816e-02
1.382765999999999940e+00 6.541781085087236547e-02
1.402805999999999997e+00 6.670975062187772808e-02
1.422846000000000055e+00 6.814066117207866202e-02
1.442885999999999891e+00 6.970676053563014396e-02
1.462925999999999949e+00 7.140431774422699440e-02
1.482966000000000006e+00 7.322931453980967287e-02
1.503006000000000064e+00 7.517745679457714381e-02
1.523045999999999900e+00 7.724386248017589551e-02
1.543085999999999958e+00 7.942306303198835848e-02
1.563126000000000015e+00 8.170870422726096705e-02
1.583166000000000073e+00 8.409354658453974118e-02
1.603205999999999909e+00 8.656917061285886172e-02
1.623245999999999967e+00 8.912598926723137860e-02
1.643286999999999942e+00 9.175295243759792885e-02
1.663327000000000000e+00 9.443758997938890565e-02
1.683367000000000058e+00 9.716571213186271649e-02
1.703406999999999893e+00 9.992150964179453976e-02
1.723446999999999951e+00 1.026872457178000658e-01
1.743487000000000009e+00 1.054434525201652373e-01
1.763527000000000067e+00 1.081686021149257243e-01
1.783566999999999902e+00 1.108394628926229752e-01
1.803606999999999960e+00 1.134307078721693979e-01
1.823647000000000018e+00 1.159155570970544780e-01
1.843687000000000076e+00 1.182651685648628270e-01
1.863726999999999911e+00 1.204499563407760432e-01
1.883768000000000109e+00 1.224378590945340989e-01
1.903807999999999945e+00 1.242055186587830706e-01
1.923848000000000003e+00 1.257585588083726669e-01
1.943888000000000060e+00 1.271079384699168591e-01
1.963927999999999896e+00 1.282646451697561640e-01
1.983967999999999954e+00 1.292399539526943308e-01
2.004007999999999790e+00 1.300452408260986958e-01
2.024048000000000069e+00 1.306917758080985426e-01
2.044087999999999905e+00 1.311907289309409974e-01
2.064128000000000185e+00 1.315529549878250437e-01
2.084168000000000021e+00 1.317890515537152030e-01
2.104207999999999856e+00 1.319091754548490925e-01
2.124248000000000136e+00 1.319231262740568345e-01
2.144289000000000112e+00 1.318401943253395547e-01
2.164328999999999947e+00 1.316692599922516527e-01
2.184368999999999783e+00 1.314186668780554235e-01
2.204409000000000063e+00 1.310963313380882067e-01
2.224448999999999899e+00 1.307096343935633398e-01
2.244489000000000178e+00 1.302655373128129568e-01
2.264529000000000014e+00 1.297704870570161595e-01
2.284568999999999850e+00 1.292305346487677975e-01
2.304609000000000130e+00 1.286512502371546796e-01
2.324648999999999965e+00 1.280378416740192704e-01
2.344688999999999801e+00 1.273950764408443848e-01
2.364729000000000081e+00 1.267273984218844352e-01
2.384770000000000056e+00 1.260388548559852051e-01
2.404809999999999892e+00 1.253332097711767068e-01
2.424850000000000172e+00 1.246138748161658288e-01
2.444890000000000008e+00 1.238840182113586652e-01
2.464929999999999843e+00 1.231464988074255085e-01
2.484970000000000123e+00 1.224039697218547024e-01
2.505009999999999959e+00 1.216588153017724577e-01
2.525049999999999795e+00 1.209132488631645824e-01
2.545090000000000074e+00 1.201692524366415604e-01
2.565129999999999910e+00 1.194286682189299731e-01
2.585170000000000190e+00 1.186931410839842521e-01
2.605210000000000026e+00 1.179642035030611796e-01
2.625251000000000001e+00 1.172432208354228372e-01
2.645290999999999837e+00 1.165314695829716418e-01
2.665331000000000117e+00 1.158300854564468657e-01
2.685370999999999952e+00 1.151401349108606559e-01
2.705410999999999788e+00 1.144625659326515416e-01
2.725451000000000068e+00 1.137982728598214699e-01
2.745490999999999904e+00 1.131480497684047015e-01
2.765531000000000184e+00 1.125126486225253158e-01
2.785571000000000019e+00 1.118927350681300920e-01
2.805610999999999855e+00 1.112889399893396414e-01
2.825651000000000135e+00 1.107018174554601914e-01
2.845690999999999971e+00 1.101318897872819308e-01
2.865730999999999806e+00 1.095796073873653159e-01
2.885771999999999782e+00 1.090453878961772510e-01
2.905812000000000062e+00 1.085295791362104745e-01
2.925851999999999897e+00 1.080324945688017485e-01
2.945892000000000177e+00 1.075543802151419648e-01
2.965932000000000013e+00 1.070954468714515467e-01
2.985971999999999849e+00 1.066558407655401886e-01
3.006012000000000128e+00 1.062356727610616614e-01
3.026051999999999964e+00 1.058349924885605003e-01
3.046091999999999800e+00 1.054538147452965813e-01
3.066132000000000080e+00 1.050920968367801966e-01
3.086171999999999915e+00 1.047497623590716853e-01
3.106212000000000195e+00 1.044266814936423982e-01
3.126253000000000171e+00 1.041226923430792206e-01
3.146293000000000006e+00 1.038375839345859614e-01
3.166332999999999842e+00 1.035711152613230102e-01
3.186373000000000122e+00 1.033230007587347538e-01
3.206412999999999958e+00 1.030929271912097434e-01
3.226452999999999793e+00 1.028805413931285079e-01
3.246493000000000073e+00 1.026854651376384736e-01
3.266532999999999909e+00 1.025072849550964643e-01
3.286573000000000189e+00 1.023455651103185593e-01
3.306613000000000024e+00 1.021998393285126622e-01
3.326652999999999860e+00 1.020696219970010782e-01
3.346693000000000140e+00 1.019544016445843165e-01
3.366732999999999976e+00 1.018536504735428894e-01
3.386773999999999951e+00 1.017668194523168312e-01
3.406813999999999787e+00 1.016933462735514493e-01
3.426854000000000067e+00 1.016326519320782384e-01
3.446893999999999902e+00 1.015841471950018893e-01
3.466934000000000182e+00 1.015472305473514997e-01
3.486974000000000018e+00 1.015212932509889782e-01
3.507013999999999854e+00 1.015057185492974218e-01
3.527054000000000133e+00 1.014998853832093373e-01
3.547093999999999969e+00 1.015031687542946731e-01
3.567133999999999805e+00 1.015149421587293321e-01
3.587174000000000085e+00 1.015345790154764116e-01
3.607213999999999920e+00 1.015614538727525468e-01
3.627254999999999896e+00 1.015949448150157697e-01
3.647295000000000176e+00 1.016344334915138536e-01
3.667335000000000012e+00 1.016793084227547994e-01
3.687374999999999847e+00 1.017289638971056037e-01
3.707415000000000127e+00 1.017828041044001597e-01
3.727454999999999963e+00 1.018402409442299705e-01
3.747494999999999798e+00 1.019006989214079340e-01
3.767535000000000078e+00 1.019636119082742293e-01
3.787574999999999914e+00 1.020284287437726173e-01
3.807615000000000194e+00 1.020946089915358845e-01
3.827655000000000030e+00 1.021616291911157659e-01
3.847694999999999865e+00 1.022289776533566313e-01
3.867735000000000145e+00 1.022961613187097912e-01
3.887776000000000121e+00 1.023626996310285087e-01
3.907815999999999956e+00 1.024281319644219229e-01
3.927855999999999792e+00 1.024920106155292887e-01
3.947896000000000072e+00 1.025539087690513773e-01
3.967935999999999908e+00 1.026134126431351157e-01
3.987976000000000187e+00 1.026701299831048603e-01
4.008015999999999579e+00 1.027236813619465394e-01
4.028056000000000303e+00 1.027737092915725764e-01
4.048096000000000139e+00 1.028198683353463566e-01
4.068135999999999974e+00 1.028618389431604219e-01
4.088175999999999810e+00 1.028993373241520320e-01
4.108215999999999646e+00 1.029321088702983555e-01
4.128256999999999621e+00 1.029599081300728858e-01
4.148297000000000345e+00 1.029825114006970022e-01
4.168337000000000181e+00 1.029997043983335164e-01
4.188377000000000017e+00 1.030112942256613956e-01
4.208416999999999852e+00 1.030170968994355979e-01
4.228456999999999688e+00 1.030169494863419494e-01
4.248497000000000412e+00 1.030106972178408409e-01
4.268537000000000248e+00 1.029982059441219011e-01
4.288577000000000083e+00 1.029793487896040194e-01
4.308616999999999919e+00 1.029540189759012431e-01
4.328656999999999755e+00 1.029221160191705758e-01
4.348696999999999591e+00 1.028835589449438453e-01
4.368737000000000315e+00 1.028382720420376040e-01
4.388778000000000290e+00 1.027861984815069546e-01
4.408818000000000126e+00 1.027272856448147448e-01
4.428857999999999961e+00 1.026614991545090338e-01
4.448897999999999797e+00 1.025888077930203202e-01
4.468937999999999633e+00 1.025091979507099516e-01
4.488978000000000357e+00 1.024226581480882081e-01
4.509018000000000193e+00 1.023291939065755496e-01
4.529058000000000028e+00 1.022288118818474034e-01
4.549097999999999864e+00 1.021215351638827123e-01
4.569137999999999700e+00 1.020073870225902679e-01
4.589178000000000424e+00 1.018864066467893709e-01
4.609218000000000259e+00 1.017586324949658477e-01
4.629259000000000235e+00 1.016241184885368215e-01
4.649299000000000071e+00 1.014829169494157191e-01
4.669338999999999906e+00 1.013350952728499232e-01
4.689378999999999742e+00 1.011807184175715496e-01
4.709418999999999578e+00 1.010198661004131637e-01
4.729459000000000302e+00 1.008526147801689504e-01
4.749499000000000137e+00 1.006790554459653653e-01
4.769538999999999973e+00 1.004992749941576446e-01
4.789578999999999809e+00 1.003133747375343499e-01
4.809618999999999645e+00 1.001214509964348798e-01
4.829659000000000368e+00 9.992361456660651953e-02
4.849699000000000204e+00 9.971997018174855176e-02
4.869739000000000040e+00 9.951063742837448767e-02
4.889780000000000015e+00 9.929572833646839458e-02
4.909819999999999851e+00 9.907537090653260881e-02
4.929859999999999687e+00 9.884968285863589277e-02
4.949900000000000411e+00 9.861880138731600465e-02
4.969940000000000246e+00 9.838284544894472516e-02
4.989980000000000082e+00 9.814197214576619865e-02
5.010019999999999918e+00 9.765678092550161837e-02
5.030059999999999754e+00 9.740563877693016182e-02
5.050099999999999589e+00 9.714915487140041161e-02
5.070140000000000313e+00 9.688749935874550745e-02
5.090180000000000149e+00 9.662080736485556542e-02
5.110219999999999985e+00 9.634923584679637443e-02
5.130260999999999960e+00 9.607292521827434650e-02
5.150300999999999796e+00 9.579203032033903331e-02
5.170340999999999632e+00 9.550669289227217695e-02
5.190381000000000355e+00 9.521706699131483875e-02
5.210421000000000191e+00 9.492329474037046466e-02
5.230461000000000027e+00 9.462552978269454795e-02
5.250500999999999863e+00 9.432391436162121390e-02
5.270540999999999698e+00 9.401860196396555347e-02
5.290581000000000422e+00 9.370973500247466170e-02
5.310621000000000258e+00 9.339746713304673820e-02
5.330661000000000094e+00 9.308194120562575391e-02
5.350700999999999929e+00 9.276331149380603880e-02
5.370740999999999765e+00 9.244172174014524124e-02
5.390781999999999741e+00 9.211732742799393081e-02
5.410821999999999576e+00 9.179027382203538976e-02
5.430862000000000300e+00 9.146071835781621751e-02
5.450902000000000136e+00 9.112880861676626865e-02
5.470941999999999972e+00 9.079470487901228348e-02
5.490981999999999807e+00 9.045855799311841583e-02
5.511021999999999643e+00 9.012053212003617864e-02
5.531062000000000367e+00 8.978078246964815712e-02
5.551102000000000203e+00 8.943947825256209905e-02
5.571142000000000039e+00 8.909678026221877489e-02
5.591181999999999874e+00 8.875286404392604411e-02
5.611221999999999710e+00 8.840789730484722997e-02
5.631262999999999685e+00 8.806206330485479017e-02
5.651303000000000409e+00 8.771553807824720994e-02
5.671343000000000245e+00 8.736851404798043341e-02
5.691383000000000081e+00 8.702117704306017165e-02
5.711422999999999917e+00 8.667373013625882805e-02
5.731462999999999752e+00 8.632637043990100401e-02
5.751502999999999588e+00 8.597931316757796705e-02
5.771543000000000312e+00 8.563276818809940905e-02
5.791583000000000148e+00 8.528696431481258555e-02
5.811622999999999983e+00 8.494212559148893449e-02
5.831662999999999819e+00 8.459849582128381451e-02
5.851702999999999655e+00 8.425631454456981861e-02
5.871743000000000379e+00 8.391584184227161847e-02
5.891784000000000354e+00 8.357733392614320744e-02
5.911824000000000190e+00 8.324106832910663223e-02
5.931864000000000026e+00 8.290731885523533462e-02
5.951903999999999861e+00 8.257638176402527785e-02
5.971943999999999697e+00 8.224854406456111322e-02
5.991984000000000421e+00 8.192409580182800910e-02
6.012024000000000257e+00 8.160332053970620336e-02
6.032064000000000092e+00 8.128652355367971261e-02
6.052103999999999928e+00 8.097400613168549699e-02
6.072143999999999764e+00 8.066609070877603371e-02
6.092183999999999600e+00 8.036309513928724391e-02
6.112224000000000323e+00 8.006535794448889354e-02
6.132265000000000299e+00 7.977321224364038177e-02
6.152305000000000135e+00 7.948701121262205516e-02
6.172344999999999970e+00 7.920710162474216276e-02
6.192384999999999806e+00 7.893384955058244112e-02
6.212424999999999642e+00 7.866761348381470786e-02
6.232465000000000366e+00 7.840877030626218491e-02
6.252505000000000202e+00 7.815768797715365312e-02
6.272545000000000037e+00 7.791475178936163593e-02
6.292584999999999873e+00 7.768033659960627002e-02
6.312624999999999709e+00 7.745483340533866612e-02
6.332665000000000433e+00 7.723862109121489017e-02
6.352705000000000268e+00 7.703209336000006735e-02
6.372745000000000104e+00 7.683562996784495946e-02
6.392786000000000080e+00 7.664962404665769113e-02
6.412825999999999915e+00 7.647445279741180157e-02
6.432865999999999751e+00 7.631050524551843961e-02
6.452905999999999587e+00 7.615815235754666568e-02
6.472946000000000311e+00 7.601777527509655241e-02
6.492986000000000146e+00 7.588973481592765913e-02
6.513025999999999982e+00 7.577440023579244677e-02
6.533065999999999818e+00 7.567211806997116430e-02
6.553105999999999653e+00 7.558324147653286418e-02
6.573146000000000377e+00 7.550809836885014059e-02
6.593186000000000213e+00 7.544702139788479756e-02
6.613226000000000049e+00 7.540031532051444385e-02
6.633267000000000024e+00 7.536828768290881886e-02
6.653306999999999860e+00 7.535121536358319050e-02
6.673346999999999696e+00 7.534937602489751030e-02
6.693387000000000420e+00 7.536301376388013229e-02
6.713427000000000255e+00 7.539237140449896180e-02
6.733467000000000091e+00 7.543765518367459566e-02
6.753506999999999927e+00 7.549906796340671855e-02
6.773546999999999763e+00 7.557677287412550848e-02
6.793586999999999598e+00 7.567092753310965259e-02
6.813627000000000322e+00 7.578164656262803556e-02
6.833667000000000158e+00 7.590903690926274761e-02
6.853706999999999994e+00 7.605315915025098739e-02
6.873746999999999829e+00 7.621406401728739177e-02
6.893787999999999805e+00 7.639175240103408815e-02
6.913827999999999641e+00 7.658621319242903125e-02
6.933868000000000364e+00 7.679738189240654933e-02
6.953908000000000200e+00 7.702517989174448299e-02
6.973948000000000036e+00 7.726947158562977314e-02
6.993987999999999872e+00 7.753010521630539220e-02
7.014027999999999707e+00 7.780686839015926726e-02
7.034068000000000431e+00 7.809953061945598685e-02
7.054108000000000267e+00 7.840779713993251132e-02
7.074148000000000103e+00 7.873135329273010796e-02
7.094187999999999938e+00 7.906981653690101086e-02
7.114227999999999774e+00 7.942278281289859299e-02
7.134268999999999750e+00 7.978977663983381763e-02
7.154308999999999585e+00 8.017029959677524076e-02
7.174349000000000309e+00 8.056377838872251507e-02
7.194389000000000145e+00 8.096961556868419174e-02
7.214428999999999981e+00 8.138713536429442730e-02
7.234468999999999816e+00 8.181563628534391230e-02
7.254508999999999652e+00 8.225433376487779891e-02
7.274549000000000376e+00 8.270241415064294443e-02
7.294589000000000212e+00 8.315897394032144285e-02
7.314629000000000048e+00 8.362307530212782780e-02
7.334668999999999883e+00 8.409368189842468533e-02
7.354708999999999719e+00 8.456971606766688909e-02
7.374749000000000443e+00 8.504999125215530198e-02
7.394790000000000418e+00 8.553327094198202862e-02
7.414830000000000254e+00 8.601819774764840609e-02
7.434870000000000090e+00 8.650335417355434209e-02
7.454909999999999926e+00 8.698718840756648751e-02
7.474949999999999761e+00 8.746807696297832779e-02
7.494989999999999597e+00 8.794424729783149874e-02
7.515030000000000321e+00 8.841384234705908229e-02
7.535070000000000157e+00 8.887484013751420497e-02
7.555109999999999992e+00 8.932512023424266090e-02
7.575149999999999828e+00 8.976238058600922998e-02
7.595189999999999664e+00 9.018420594069349872e-02
7.615230000000000388e+00 9.058798224422826006e-02
7.635271000000000363e+00 9.097096715104061038e-02
7.655311000000000199e+00 9.133020241057832056e-02
7.675351000000000035e+00 9.166258672243322858e-02
7.695390999999999870e+00 9.196478668311926230e-02
7.715430999999999706e+00 9.223331242669108310e-02
7.735471000000000430e+00 9.246442787403542918e-02
7.755511000000000266e+00 9.265422987428439949e-02
7.775551000000000101e+00 9.279855870257039396e-02
7.795590999999999937e+00 9.289308179049825254e-02
7.815630999999999773e+00 9.293320565764379149e-02
7.835670999999999609e+00 9.291416580031514050e-02
7.855711000000000332e+00 9.283094151833201635e-02
7.875752000000000308e+00 9.267835411242567045e-02
7.895792000000000144e+00 9.245098639026186338e-02
7.915831999999999979e+00 9.214329194727087502e-02
7.935871999999999815e+00 9.174952156058886754e-02
7.955911999999999651e+00 9.126384679087683194e-02
7.975952000000000375e+00 9.068029626617517269e-02
7.995992000000000210e+00 8.999289641877379620e-02
8.016031999999999158e+00 8.919562305547533432e-02
8.036072000000000770e+00 8.828255769785064988e-02
8.056112000000000606e+00 8.724787045116801087e-02
8.076152000000000442e+00 8.608596430711697167e-02
8.096192000000000277e+00 8.479157769285458612e-02
8.116232000000000113e+00 8.335962383563272349e-02
8.136272999999999200e+00 8.178852808800708696e-02
8.156313000000000812e+00 8.009508681596314017e-02
8.176353000000000648e+00 7.830145561400979337e-02
8.196393000000000484e+00 7.642805106072321497e-02
8.216433000000000320e+00 7.449463516747002745e-02
8.236473000000000155e+00 7.251947984323404983e-02
8.256512999999999991e+00 7.051975098124503571e-02
8.276552999999999827e+00 6.851110206466030916e-02
8.296592999999999662e+00 6.650793101646924887e-02
8.316632999999999498e+00 6.452315605353164951e-02
8.336672999999999334e+00 6.256844173223943817e-02
8.356712999999999170e+00 6.065407657674486835e-02
8.376754000000000033e+00 5.878919263777314386e-02
8.396793999999999869e+00 5.698170365147484789e-02
8.416833999999999705e+00 5.523852388750881415e-02
8.436873999999999540e+00 5.356554096091874911e-02
8.456913999999999376e+00 5.196783479614301010e-02
8.476953999999999212e+00 5.044966751677120581e-02
8.496994000000000824e+00 4.901470307367524620e-02
8.517034000000000660e+00 4.766600206516490718e-02
8.537074000000000495e+00 4.640624422996177806e-02
8.557114000000000331e+00 4.523771994356292486e-02
8.577154000000000167e+00 4.416256044485126347e-02
8.597194000000000003e+00 4.318272065026539097e-02
8.617233999999999838e+00 4.230022550880332965e-02
8.637275000000000702e+00 4.151714095707612767e-02
8.657315000000000538e+00 4.083584950438236966e-02
8.677355000000000373e+00 4.025900781613150209e-02
8.697395000000000209e+00 3.978987134140991866e-02
8.717435000000000045e+00 3.943223831135426322e-02
8.737474999999999881e+00 3.919085351029981401e-02
8.757514999999999716e+00 3.907133947204796676e-02
8.777554999999999552e+00 3.908072630373900236e-02
8.797594999999999388e+00 3.922737132136958071e-02
8.817634999999999224e+00 3.952169087031518618e-02
8.837675000000000836e+00 3.997606830895693297e-02
8.857715000000000671e+00 4.060591685064016826e-02
8.877755999999999759e+00 4.142956790788032001e-02
8.897795999999999594e+00 4.246989792749926440e-02
8.917835999999999430e+00 4.375415698471170345e-02
8.937875999999999266e+00 4.531661684778509613e-02
8.957916000000000878e+00 4.719817268827491280e-02
8.977956000000000714e+00 4.945103487341171583e-02
8.997996000000000549e+00 5.213737497518698000e-02
9.018036000000000385e+00 5.533898305710557158e-02
9.038076000000000221e+00 5.915081373320672103e-02
9.058116000000000057e+00 6.371111993492735437e-02
9.078155999999999892e+00 5.031112455981290614e-04
9.098195999999999728e+00 5.031112455981290614e-04
9.118235999999999564e+00 5.031112455981290614e-04
9.138277000000000427e+00 5.031112455981290614e-04
9.158317000000000263e+00 5.031112455981290614e-04
9.178357000000000099e+00 5.031112455981290614e-04
9.198396999999999935e+00 5.031112455981290614e-04
9.218436999999999770e+00 5.031112455981290614e-04
9.238476999999999606e+00 5.031112455981290614e-04
9.258516999999999442e+00 5.031112455981290614e-04
9.278556999999999277e+00 5.031112455981290614e-04
9.298596999999999113e+00 5.031112455981290614e-04
9.318637000000000725e+00 5.031112455981290614e-04
9.338677000000000561e+00 5.031112455981290614e-04
9.358717000000000397e+00 5.031112455981290614e-04
9.378757999999999484e+00 5.031112455981290614e-04
9.398797999999999320e+00 5.031112455981290614e-04
9.418837999999999155e+00 5.031112455981290614e-04
9.438878000000000767e+00 5.031112455981290614e-04
9.458918000000000603e+00 5.031112455981290614e-04
9.478958000000000439e+00 5.031112455981290614e-04
9.498998000000000275e+00 5.031112455981290614e-04
9.519038000000000110e+00 5.031112455981290614e-04
9.539077999999999946e+00 5.031112455981290614e-04
9.559117999999999782e+00 5.031112455981290614e-04
9.579157999999999618e+00 5.031112455981290614e-04
9.599197999999999453e+00 5.031112455981290614e-04
9.619237999999999289e+00 5.031112455981290614e-04
9.639279000000000153e+00 5.031112455981290614e-04
9.659318999999999988e+00 5.031112455981290614e-04
9.679358999999999824e+00 5.031112455981290614e-04
9.699398999999999660e+00 5.031112455981290614e-04
9.719438999999999496e+00 5.031112455981290614e-04
9.739478999999999331e+00 5.031112455981290614e-04
9.759518999999999167e+00 5.031112455981290614e-04
9.779559000000000779e+00 5.031112455981290614e-04
9.799599000000000615e+00 5.031112455981290614e-04
9.819639000000000451e+00 5.031112455981290614e-04
9.839679000000000286e+00 5.031112455981290614e-04
9.859719000000000122e+00 5.031112455981290614e-04
9.879759999999999209e+00 5.031112455981290614e-04
9.899800000000000821e+00 5.031112455981290614e-04
9.919840000000000657e+00 5.031112455981290614e-04
9.939880000000000493e+00 5.031112455981290614e-04
9.959920000000000329e+00 5.031112455981290614e-04
9.979960000000000164e+00 5.031112455981290614e-04
1.000000000000000000e+01 5.031112455981290614e-04
