0.000000000000000000e+00 2.294633759413244878e-03
2.003999999999999879e-02 2.294633759413244878e-03
4.007999999999999757e-02 2.294633759413244878e-03
6.011999999999999983e-02 2.294633759413244878e-03
8.015999999999999515e-02 2.294633759413244878e-03
1.001999999999999974e-01 2.294633759413244878e-03
1.202399999999999997e-01 2.294633759413244878e-03
1.402809999999999890e-01 2.294633759413244878e-03
1.603209999999999913e-01 2.294633759413244878e-03
1.803609999999999935e-01 2.294633759413244878e-03
2.004009999999999958e-01 2.294633759413244878e-03
2.204409999999999981e-01 2.294633759413244878e-03
2.404810000000000003e-01 2.294633759413244878e-03
2.605210000000000026e-01 2.294633759413244878e-03
2.805610000000000048e-01 2.294633759413244878e-03
3.006010000000000071e-01 2.294633759413244878e-03
3.206410000000000093e-01 2.294633759413244878e-03
3.406810000000000116e-01 2.294633759413244878e-03
3.607210000000000139e-01 2.294633759413244878e-03
3.807619999999999894e-01 2.294633759413244878e-03
4.008019999999999916e-01 2.294633759413244878e-03
4.208419999999999939e-01 2.294633759413244878e-03
4.408819999999999961e-01 2.294633759413244878e-03
4.609219999999999984e-01 2.294633759413244878e-03
4.809620000000000006e-01 2.294633759413244878e-03
5.010019999999999474e-01 2.294633759413244878e-03
5.210420000000000051e-01 2.294633759413244878e-03
5.410819999999999519e-01 2.294633759413244878e-03
5.611220000000000097e-01 2.294633759413244878e-03
5.811619999999999564e-01 2.294633759413244878e-03
6.012020000000000142e-01 2.294633759413244878e-03
6.212419999999999609e-01 2.294633759413244878e-03
6.412830000000000474e-01 2.294633759413244878e-03
6.613229999999999942e-01 2.294633759413244878e-03
6.813630000000000519e-01 2.294633759413244878e-03
7.014029999999999987e-01 2.294633759413244878e-03
7.214429999999999454e-01 2.294633759413244878e-03
7.414830000000000032e-01 2.294633759413244878e-03
7.615229999999999499e-01 2.294633759413244878e-03
7.815630000000000077e-01 2.294633759413244878e-03
8.016029999999999545e-01 2.294633759413244878e-03
8.216430000000000122e-01 2.294633759413244878e-03
8.416829999999999590e-01 2.294633759413244878e-03
8.617230000000000167e-01 2.294633759413244878e-03
8.817639999999999922e-01 2.294633759413244878e-03
9.018040000000000500e-01 2.294633759413244878e-03
9.218439999999999968e-01 2.294633759413244878e-03
9.418840000000000545e-01 1.423483458627128995e+00
9.619240000000000013e-01 1.342609113567602153e+00
9.819639999999999480e-01 1.266923599170588721e+00
1.002003999999999895e+00 1.196099944047887664e+00
1.022043999999999953e+00 1.129850724095430303e+00
1.042084000000000010e+00 1.067895537680656703e+00
1.062124000000000068e+00 1.009974181778219515e+00
1.082163999999999904e+00 9.558373735963455742e-01
1.102203999999999962e+00 9.052513523280941721e-01
1.122244000000000019e+00 8.579935521000504606e-01
1.142284999999999995e+00 8.138547554584432131e-01
1.162325000000000053e+00 7.726365742585520335e-01
1.182365000000000110e+00 7.341525749934657563e-01
1.202404999999999946e+00 6.982265782913250618e-01
1.222445000000000004e+00 6.646932534407726800e-01
1.242485000000000062e+00 6.333968397129341454e-01
1.262524999999999897e+00 6.041914340389342719e-01
1.282564999999999955e+00 5.769399543555949750e-01
1.302605000000000013e+00 5.515142405572213136e-01
1.322645000000000071e+00 5.277941725129026151e-01
1.342684999999999906e+00 5.056676566649417337e-01
1.362724999999999964e+00 4.850298540998495556e-01
1.382765999999999940e+00 4.657830994696062765e-01
1.402805999999999997e+00 4.478362150329167624e-01
1.422846000000000055e+00 4.311043929753092807e-01
1.442885999999999891e+00 4.155085812929941169e-01
1.462925999999999949e+00 4.009753503164691368e-01
1.482966000000000006e+00 3.874363410611021408e-01
1.503006000000000064e+00 3.748281296765689774e-01
1.523045999999999900e+00 3.630917310637376549e-01
1.543085999999999958e+00 3.521724699934565828e-01
1.563126000000000015e+00 3.420195337069258934e-01
1.583166000000000073e+00 3.325858549545905318e-01
1.603205999999999909e+00 3.238277076129243426e-01
1.623245999999999967e+00 3.157046045070072693e-01
1.643286999999999942e+00 3.081789300936474962e-01
1.663327000000000000e+00 3.012158544190670639e-01
1.683367000000000058e+00 2.947829967285676700e-01
1.703406999999999893e+00 2.888503561820655596e-01
1.723446999999999951e+00 2.833899997657055581e-01
1.743487000000000009e+00 2.783760105675266994e-01
1.763527000000000067e+00 2.737841921836579595e-01
1.783566999999999902e+00 2.695920371293825113e-01
1.803606999999999960e+00 2.657784366256029651e-01
1.823647000000000018e+00 2.623236779821117581e-01
1.843687000000000076e+00 2.592091366110750306e-01
1.863726999999999911e+00 2.564173394185688126e-01
1.883768000000000109e+00 2.539315369415635626e-01
1.903807999999999945e+00 2.517367889570908401e-01
1.923848000000000003e+00 2.498217120366539035e-01
1.943888000000000060e+00 2.481758137191747704e-01
1.963927999999999896e+00 2.467888782747532372e-01
1.983967999999999954e+00 2.456510718636165380e-01
2.004007999999999790e+00 2.447528656926117874e-01
2.024048000000000069e+00 2.440850715922370795e-01
2.044087999999999905e+00 2.436387711771683950e-01
2.064128000000000185e+00 2.434053375700805932e-01
2.084168000000000021e+00 2.433763616452729317e-01
2.104207999999999856e+00 2.435436690899127898e-01
2.124248000000000136e+00 2.438992449840584054e-01
2.144289000000000112e+00 2.444352499235152298e-01
2.164328999999999947e+00 2.451439448204227600e-01
2.184368999999999783e+00 2.460177083174818480e-01
2.204409000000000063e+00 2.470489633863466594e-01
2.224448999999999899e+00 2.482301976470743243e-01
2.244489000000000178e+00 2.495538930059607308e-01
2.264529000000000014e+00 2.510125501689176031e-01
2.284568999999999850e+00 2.525986222949855309e-01
2.304609000000000130e+00 2.543045447780701296e-01
2.324648999999999965e+00 2.561226736756083144e-01
2.344688999999999801e+00 2.580453216516725989e-01
2.364729000000000081e+00 2.600647017386433779e-01
2.384770000000000056e+00 2.621729701438693105e-01
2.404809999999999892e+00 2.643621756881509022e-01
2.424850000000000172e+00 2.666243099543275097e-01
2.444890000000000008e+00 2.689512625021713843e-01
2.464929999999999843e+00 2.713348785684476794e-01
2.484970000000000123e+00 2.737669198760871447e-01
2.505009999999999959e+00 2.762391297801851664e-01
2.525049999999999795e+00 2.787431991720767388e-01
2.545090000000000074e+00 2.812708386124802007e-01
2.565129999999999910e+00 2.838137484897365614e-01
2.585170000000000190e+00 2.863636973062700375e-01
2.605210000000000026e+00 2.889124949043957447e-01
2.625251000000000001e+00 2.914520756993992934e-01
2.645290999999999837e+00 2.939744734614700983e-01
2.665331000000000117e+00 2.964719079471175300e-01
2.685370999999999952e+00 2.989367594518866911e-01
2.705410999999999788e+00 3.013616570134952100e-01
2.725451000000000068e+00 3.037394507575606473e-01
2.745490999999999904e+00 3.060632996622041357e-01
2.765531000000000184e+00 3.083266396373866014e-01
2.785571000000000019e+00 3.105232687796428137e-01
2.805610999999999855e+00 3.126473091780032076e-01
2.825651000000000135e+00 3.146932876705397231e-01
2.845690999999999971e+00 3.166560895719429114e-01
2.865730999999999806e+00 3.185310332270808176e-01
2.885771999999999782e+00 3.203138149677767776e-01
2.905812000000000062e+00 3.220005787701817890e-01
2.925851999999999897e+00 3.235878551540833370e-01
2.945892000000000177e+00 3.250726274270083205e-01
2.965932000000000013e+00 3.264522649234957719e-01
2.985971999999999849e+00 3.277245858309875692e-01
3.006012000000000128e+00 3.288877850467682995e-01
3.026051999999999964e+00 3.299404937452636855e-01
3.046091999999999800e+00 3.308817023048479800e-01
3.066132000000000080e+00 3.317108169232003689e-01
3.086171999999999915e+00 3.324275782107493082e-01
3.106212000000000195e+00 3.330321152785605809e-01
3.126253000000000171e+00 3.335248607039857371e-01
3.146293000000000006e+00 3.339066025991281328e-01
3.166332999999999842e+00 3.341783967204764449e-01
3.186373000000000122e+00 3.343416170682563249e-01
3.206412999999999958e+00 3.343978659427314093e-01
3.226452999999999793e+00 3.343490236470357813e-01
3.246493000000000073e+00 3.341971572953013059e-01
3.266532999999999909e+00 3.339445701774170772e-01
3.286573000000000189e+00 3.335937100888096141e-01
3.306613000000000024e+00 3.331472188731690043e-01
3.326652999999999860e+00 3.326078409821723314e-01
3.346693000000000140e+00 3.319784736491678268e-01
3.366732999999999976e+00 3.312620763063762741e-01
3.386773999999999951e+00 3.304617217650663852e-01
3.406813999999999787e+00 3.295805070242590618e-01
3.426854000000000067e+00 3.286216057473814178e-01
3.446893999999999902e+00 3.275881808968525988e-01
3.466934000000000182e+00 3.264834387092234724e-01
3.486974000000000018e+00 3.253105434899092319e-01
3.507013999999999854e+00 3.240726732033481494e-01
3.527054000000000133e+00 3.227729366662587807e-01
3.547093999999999969e+00 3.214144307904694409e-01
3.567133999999999805e+00 3.200001603250415272e-01
3.587174000000000085e+00 3.185330967197336216e-01
3.607213999999999920e+00 3.170161004887155909e-01
3.627254999999999896e+00 3.154519816040060043e-01
3.647295000000000176e+00 3.138434244877398305e-01
3.667335000000000012e+00 3.121930497978487318e-01
3.687374999999999847e+00 3.105033420025557489e-01
3.707415000000000127e+00 3.087767123851010709e-01
3.727454999999999963e+00 3.070154291127362711e-01
3.747494999999999798e+00 3.052216812628050224e-01
3.767535000000000078e+00 3.033975112682691933e-01
3.787574999999999914e+00 3.015448797524750701e-01
3.807615000000000194e+00 2.996656002127278673e-01
3.827655000000000030e+00 2.977614044444141239e-01
3.847694999999999865e+00 2.958338793118771570e-01
3.867735000000000145e+00 2.938845325423622423e-01
3.887776000000000121e+00 2.919147314275312155e-01
3.907815999999999956e+00 2.899257687739139056e-01
3.927855999999999792e+00 2.879188033761531096e-01
3.947896000000000072e+00 2.858949259248146357e-01
3.967935999999999908e+00 2.838551010862487289e-01
3.987976000000000187e+00 2.818002332049470704e-01
4.008015999999999579e+00 2.797311097732591567e-01
4.028056000000000303e+00 2.776484669455484555e-01
4.048096000000000139e+00 2.755529335842461514e-01
4.068135999999999974e+00 2.734451035931448892e-01
4.088175999999999810e+00 2.713255161489428469e-01
4.108215999999999646e+00 2.691946896160274383e-01
4.128256999999999621e+00 2.670530522366126314e-01
4.148297000000000345e+00 2.649010087698301374e-01
4.168337000000000181e+00 2.627388868424462842e-01
4.188377000000000017e+00 2.605670007478156913e-01
4.208416999999999852e+00 2.583855994841974257e-01
4.228456999999999688e+00 2.561949290055213768e-01
4.248497000000000412e+00 2.539951813157157456e-01
4.268537000000000248e+00 2.517865553453473293e-01
4.288577000000000083e+00 2.495692068742733638e-01
4.308616999999999919e+00 2.473433080450121724e-01
4.328656999999999755e+00 2.451089979831501675e-01
4.348696999999999591e+00 2.428664409190176010e-01
4.368737000000000315e+00 2.406157774132981209e-01
4.388778000000000290e+00 2.383571810499489907e-01
4.408818000000000126e+00 2.360908101946452287e-01
4.428857999999999961e+00 2.338168632241240941e-01
4.448897999999999797e+00 2.315355307582859234e-01
4.468937999999999633e+00 2.292470493984034852e-01
4.488978000000000357e+00 2.269516543835297107e-01
4.509018000000000193e+00 2.246496318205599696e-01
4.529058000000000028e+00 2.223412717232321201e-01
4.549097999999999864e+00 2.200269187302364982e-01
4.569137999999999700e+00 2.177069254908600981e-01
4.589178000000000424e+00 2.153817018835610109e-01
4.609218000000000259e+00 2.130516687153663491e-01
4.629259000000000235e+00 2.107173054734017004e-01
4.649299000000000071e+00 2.083791043042367563e-01
4.669338999999999906e+00 2.060376163565115770e-01
4.689378999999999742e+00 2.036934059985067158e-01
4.709418999999999578e+00 2.013470958449095349e-01
4.729459000000000302e+00 1.989993211504564041e-01
4.749499000000000137e+00 1.966507736651736671e-01
4.769538999999999973e+00 1.943021560978298312e-01
4.789578999999999809e+00 1.919542250279128448e-01
4.809618999999999645e+00 1.896077452390680651e-01
4.829659000000000368e+00 1.872635320721232066e-01
4.849699000000000204e+00 1.849224052207725510e-01
4.869739000000000040e+00 1.825852312475912675e-01
4.889780000000000015e+00 1.802528759156451776e-01
4.909819999999999851e+00 1.779262484801613642e-01
4.929859999999999687e+00 1.756062500376527336e-01
4.949900000000000411e+00 1.732938243875778439e-01
4.969940000000000246e+00 1.709898925912092527e-01
4.989980000000000082e+00 1.686954367359083939e-01
5.010019999999999918e+00 1.643013093726047591e-01
5.030059999999999754e+00 1.620276103476235019e-01
5.050099999999999589e+00 1.597652424442256303e-01
5.070140000000000313e+00 1.575152396703364266e-01
5.090180000000000149e+00 1.552785806726081075e-01
5.110219999999999985e+00 1.530562663554370095e-01
5.130260999999999960e+00 1.508492607147340070e-01
5.150300999999999796e+00 1.486585345914469281e-01
5.170340999999999632e+00 1.464850214627770042e-01
5.190381000000000355e+00 1.443296531598735055e-01
5.210421000000000191e+00 1.421933211308163136e-01
5.230461000000000027e+00 1.400769086709880429e-01
5.250500999999999863e+00 1.379812552628091882e-01
5.270540999999999698e+00 1.359071868037840802e-01
5.290581000000000422e+00 1.338554821372059389e-01
5.310621000000000258e+00 1.318269019220950911e-01
5.330661000000000094e+00 1.298221569479600379e-01
5.350700999999999929e+00 1.278419359782010933e-01
5.370740999999999765e+00 1.258868756284916568e-01
5.390781999999999741e+00 1.239575873741600304e-01
5.410821999999999576e+00 1.220546288532377566e-01
5.430862000000000300e+00 1.201785301548946444e-01
5.450902000000000136e+00 1.183297664459693616e-01
5.470941999999999972e+00 1.165087836150010686e-01
5.490981999999999807e+00 1.147159721387663589e-01
5.511021999999999643e+00 1.129516921297258475e-01
5.531062000000000367e+00 1.112162483672424901e-01
5.551102000000000203e+00 1.095099147785605076e-01
5.571142000000000039e+00 1.078329105629382140e-01
5.591181999999999874e+00 1.061854241243238572e-01
5.611221999999999710e+00 1.045675902181291972e-01
5.631262999999999685e+00 1.029795133458282913e-01
5.651303000000000409e+00 1.014212458549008933e-01
5.671343000000000245e+00 9.989281080067376195e-02
5.691383000000000081e+00 9.839418093072861693e-02
5.711422999999999917e+00 9.692530101695061295e-02
5.731462999999999752e+00 9.548606765660522244e-02
5.751502999999999588e+00 9.407635107754612480e-02
5.771543000000000312e+00 9.269597568903306661e-02
5.791583000000000148e+00 9.134474136562528712e-02
5.811622999999999983e+00 9.002240468068320456e-02
5.831662999999999819e+00 8.872869968099278415e-02
5.851702999999999655e+00 8.746331973185986208e-02
5.871743000000000379e+00 8.622593781002241276e-02
5.891784000000000354e+00 8.501618887040689188e-02
5.911824000000000190e+00 8.383368973352026132e-02
5.931864000000000026e+00 8.267802178619078346e-02
5.951903999999999861e+00 8.154875083438084538e-02
5.971943999999999697e+00 8.044540657358074942e-02
5.991984000000000421e+00 7.936749396638548282e-02
6.012024000000000257e+00 7.831448689395216489e-02
6.032064000000000092e+00 7.728584806290647591e-02
6.052103999999999928e+00 7.628101340358788007e-02
6.072143999999999764e+00 7.529940957380656941e-02
6.092183999999999600e+00 7.434043897789768818e-02
6.112224000000000323e+00 7.340349678016463986e-02
6.132265000000000299e+00 7.248795635397076165e-02
6.152305000000000135e+00 7.159318587787397159e-02
6.172344999999999970e+00 7.071853418458949603e-02
6.192384999999999806e+00 6.986334697332846622e-02
6.212424999999999642e+00 6.902695304709499657e-02
6.232465000000000366e+00 6.820868017057893362e-02
6.252505000000000202e+00 6.740784169006155957e-02
6.272545000000000037e+00 6.662375206585832710e-02
6.292584999999999873e+00 6.585571387201918925e-02
6.312624999999999709e+00 6.510303303186225354e-02
6.332665000000000433e+00 6.436500619614299312e-02
6.352705000000000268e+00 6.364093570888379459e-02
6.372745000000000104e+00 6.293011736301672154e-02
6.392786000000000080e+00 6.223185512123958346e-02
6.412825999999999915e+00 6.154544924727158722e-02
6.432865999999999751e+00 6.087021080278467999e-02
6.452905999999999587e+00 6.020545015031781438e-02
6.472946000000000311e+00 5.955049124233936786e-02
6.492986000000000146e+00 5.890466048853500169e-02
6.513025999999999982e+00 5.826730084685487893e-02
6.533065999999999818e+00 5.763776104332287570e-02
6.553105999999999653e+00 5.701540946760140505e-02
6.573146000000000377e+00 5.639962372784632777e-02
6.593186000000000213e+00 5.578980434502826130e-02
6.613226000000000049e+00 5.518536461888887135e-02
6.633267000000000024e+00 5.458574410636297253e-02
6.653306999999999860e+00 5.399039876763855189e-02
6.673346999999999696e+00 5.339881420486700114e-02
6.693387000000000420e+00 5.281049605018412613e-02
6.713427000000000255e+00 5.222498293196288499e-02
6.733467000000000091e+00 5.164183705987999973e-02
6.753506999999999927e+00 5.106065687783590407e-02
6.773546999999999763e+00 5.048106779532098715e-02
6.793586999999999598e+00 4.990273447944062329e-02
6.813627000000000322e+00 4.932535167757269579e-02
6.833667000000000158e+00 4.874865609628980384e-02
6.853706999999999994e+00 4.817241725823020321e-02
6.873746999999999829e+00 4.759644891374098519e-02
6.893787999999999805e+00 4.702059987552906911e-02
6.913827999999999641e+00 4.644476491007196173e-02
6.933868000000000364e+00 4.586887549742591635e-02
6.953908000000000200e+00 4.529291015404191684e-02
6.973948000000000036e+00 4.471688507176442562e-02
6.993987999999999872e+00 4.414086383161009569e-02
7.014027999999999707e+00 4.356494788689652814e-02
7.034068000000000431e+00 4.298928564039813244e-02
7.054108000000000267e+00 4.241406275087210992e-02
7.074148000000000103e+00 4.183951056142885816e-02
7.094187999999999938e+00 4.126589622529779067e-02
7.114227999999999774e+00 4.069353049116000709e-02
7.134268999999999750e+00 4.012275766247667269e-02
7.154308999999999585e+00 3.955396276514897003e-02
7.174349000000000309e+00 3.898756137404880279e-02
7.194389000000000145e+00 3.842400620817763152e-02
7.214428999999999981e+00 3.786377685409358929e-02
7.234468999999999816e+00 3.730738573426205934e-02
7.254508999999999652e+00 3.675536760259975194e-02
7.274549000000000376e+00 3.620828486960011444e-02
7.294589000000000212e+00 3.566671700668021250e-02
7.314629000000000048e+00 3.513126542847913591e-02
7.334668999999999883e+00 3.460254300447380277e-02
7.354708999999999719e+00 3.408117870128066912e-02
7.374749000000000443e+00 3.356780739203887171e-02
7.394790000000000418e+00 3.306307444990658206e-02
7.414830000000000254e+00 3.256762602795043593e-02
7.434870000000000090e+00 3.208211377498004085e-02
7.454909999999999926e+00 3.160718573361052247e-02
7.474949999999999761e+00 3.114349132381183036e-02
7.494989999999999597e+00 3.069167297719874177e-02
7.515030000000000321e+00 3.025237150490046531e-02
7.535070000000000157e+00 2.982621855479675524e-02
7.555109999999999992e+00 2.941384245125983413e-02
7.575149999999999828e+00 2.901586153153160735e-02
7.595189999999999664e+00 2.863289051800455703e-02
7.615230000000000388e+00 2.826553476246691787e-02
7.635271000000000363e+00 2.791439718885543528e-02
7.655311000000000199e+00 2.758007345143006703e-02
7.675351000000000035e+00 2.726315946885250752e-02
7.695390999999999870e+00 2.696424748564477461e-02
7.715430999999999706e+00 2.668393420795050347e-02
7.735471000000000430e+00 2.642281774745921727e-02
7.755511000000000266e+00 2.618150636562721970e-02
7.775551000000000101e+00 2.596061627557110646e-02
7.795590999999999937e+00 2.576078100462956752e-02
7.815630999999999773e+00 2.558265003191606893e-02
7.835670999999999609e+00 2.542689878807132681e-02
7.855711000000000332e+00 2.529422811298737833e-02
7.875752000000000308e+00 2.518537492488400961e-02
7.895792000000000144e+00 2.510111249239583772e-02
7.915831999999999979e+00 2.504226182002205689e-02
7.935871999999999815e+00 2.500969273906150994e-02
7.955911999999999651e+00 2.500433606794473171e-02
7.975952000000000375e+00 2.502718553579313249e-02
7.995992000000000210e+00 2.507931077210291335e-02
8.016031999999999158e+00 2.516186009061596729e-02
8.036072000000000770e+00 2.527607430398906563e-02
8.056112000000000606e+00 2.542329047116662424e-02
8.076152000000000442e+00 2.560495621535356647e-02
8.096192000000000277e+00 2.582263522978782422e-02
8.116232000000000113e+00 2.607801878163697185e-02
8.136272999999999200e+00 2.637296785005411454e-02
8.156313000000000812e+00 2.670970830153411926e-02
8.176353000000000648e+00 2.709072396011597342e-02
8.196393000000000484e+00 2.751871071371312510e-02
8.216433000000000320e+00 2.799661280292818286e-02
8.236473000000000155e+00 2.852764706615584789e-02
8.256512999999999991e+00 2.911533532856282885e-02
8.276552999999999827e+00 2.976353787825139832e-02
8.296592999999999662e+00 3.047648964853216444e-02
8.316632999999999498e+00 3.125884181911620791e-02
8.336672999999999334e+00 3.211570461798543552e-02
8.356712999999999170e+00 3.305269807296225965e-02
8.376754000000000033e+00 3.407600379988898892e-02
8.396793999999999869e+00 3.519242670791695310e-02
8.416833999999999705e+00 3.640945832528610232e-02
8.436873999999999540e+00 3.773535183054574360e-02
8.456913999999999376e+00 3.917919987921589242e-02
8.476953999999999212e+00 4.075102589230809175e-02
8.496994000000000824e+00 4.246187990661709488e-02
8.517034000000000660e+00 4.432394965579439933e-02
8.537074000000000495e+00 4.635067865984988239e-02
8.557114000000000331e+00 4.855690129702354418e-02
8.577154000000000167e+00 5.095898817867546005e-02
8.597194000000000003e+00 5.357501012579051619e-02
8.617233999999999838e+00 5.642491685669803747e-02
8.637275000000000702e+00 5.953073552323552564e-02
8.657315000000000538e+00 6.291678989364830887e-02
8.677355000000000373e+00 6.660993981559779065e-02
8.697395000000000209e+00 7.063984944992690584e-02
8.717435000000000045e+00 7.503927461392902176e-02
8.737474999999999881e+00 7.984439031057412317e-02
8.757514999999999716e+00 8.509513319761774497e-02
8.777554999999999552e+00 9.083560088295106194e-02
8.797594999999999388e+00 9.711445646032533519e-02
8.817634999999999224e+00 1.039854153221049932e-01
8.837675000000000836e+00 1.115077172001520261e-01
8.857715000000000671e+00 1.197467218259224003e-01
8.877755999999999759e+00 1.287744498374296109e-01
8.897795999999999594e+00 1.386703196545120975e-01
8.917835999999999430e+00 1.495217481778236546e-01
8.937875999999999266e+00 1.614250866688738129e-01
8.957916000000000878e+00 1.744862426579561754e-01
8.977956000000000714e+00 1.888219427516616422e-01
8.997996000000000549e+00 2.045602331926118234e-01
9.018036000000000385e+00 2.218424559904253468e-01
9.038076000000000221e+00 2.408229331112136107e-01
9.058116000000000057e+00 2.616738862592095649e-01
9.078155999999999892e+00 1.846746394696870152e-04
9.098195999999999728e+00 1.846746394696870152e-04
9.118235999999999564e+00 1.846746394696870152e-04
9.138277000000000427e+00 1.846746394696870152e-04
9.158317000000000263e+00 1.846746394696870152e-04
9.178357000000000099e+00 1.846746394696870152e-04
9.198396999999999935e+00 1.846746394696870152e-04
9.218436999999999770e+00 1.846746394696870152e-04
9.238476999999999606e+00 1.846746394696870152e-04
9.258516999999999442e+00 1.846746394696870152e-04
9.278556999999999277e+00 1.846746394696870152e-04
9.298596999999999113e+00 1.846746394696870152e-04
9.318637000000000725e+00 1.846746394696870152e-04
9.338677000000000561e+00 1.846746394696870152e-04
9.358717000000000397e+00 1.846746394696870152e-04
9.378757999999999484e+00 1.846746394696870152e-04
9.398797999999999320e+00 1.846746394696870152e-04
9.418837999999999155e+00 1.846746394696870152e-04
9.438878000000000767e+00 1.846746394696870152e-04
9.458918000000000603e+00 1.846746394696870152e-04
9.478958000000000439e+00 1.846746394696870152e-04
9.498998000000000275e+00 1.846746394696870152e-04
9.519038000000000110e+00 1.846746394696870152e-04
9.539077999999999946e+00 1.846746394696870152e-04
9.559117999999999782e+00 1.846746394696870152e-04
9.579157999999999618e+00 1.846746394696870152e-04
9.599197999999999453e+00 1.846746394696870152e-04
9.619237999999999289e+00 1.846746394696870152e-04
9.639279000000000153e+00 1.846746394696870152e-04
9.659318999999999988e+00 1.846746394696870152e-04
9.679358999999999824e+00 1.846746394696870152e-04
9.699398999999999660e+00 1.846746394696870152e-04
9.719438999999999496e+00 1.846746394696870152e-04
9.739478999999999331e+00 1.846746394696870152e-04
9.759518999999999167e+00 1.846746394696870152e-04
9.779559000000000779e+00 1.846746394696870152e-04
9.799599000000000615e+00 1.846746394696870152e-04
9.819639000000000451e+00 1.846746394696870152e-04
9.839679000000000286e+00 1.846746394696870152e-04
9.859719000000000122e+00 1.846746394696870152e-04
9.879759999999999209e+00 1.846746394696870152e-04
9.899800000000000821e+00 1.846746394696870152e-04
9.919840000000000657e+00 1.846746394696870152e-04
9.939880000000000493e+00 1.846746394696870152e-04
9.959920000000000329e+00 1.846746394696870152e-04
9.979960000000000164e+00 1.846746394696870152e-04
1.000000000000000000e+01 1.846746394696870152e-04
